8267112514525332918424748510
57966473231812587589382848312
9368796963980676571832424117
503322408320156816748795158166
32644978719622762232014608748
916323197616183871747665948
876671842797865708710053585496
91295649864414189670648334235
2182432801769765522324545821
54127634246905340802196251736
2051836739338233459424721831
9335831218964785296518691162
273691918606747938098545021
12989423209248908590776428970
85517996336682735822206388949
5565335926903016999488927126
96807040271764307620159856440
6196522296964906119674756285
61558016058893872733671899773
829745736689815577739715182071
31667068012738399954330613234
71143451329415224870874818016
73576154867816190252773791424
88887581135941005284173549649
376344673973143675595515551955
5847178100592989863372818465
6827667159727323852033321009757
8264626465010954538111361842
355212937432125723219573874272
914065870492503012113721763
105022823649142816453695211
3869509124814514782988053854
458056843688794792532687835614
372249148361635301004532962149
64676044792326586476713328965
4706374535291224405468437827
853563327069171120297952291020
624816733167272430882142168295
49631421632982967951967662931
9139821079208172317455290457
851189128630585277547230772076
79881053296037220663255644520
87851773690682489919946515870
434818374586638655999772964171
33025366775287088594511279823
817081103749853713528075159118
96475812481751753027537191233
8641302852757852754215939132
54415186298755748221776217382
56274339349982141008468416557
667074998910435423474284939935
9266874294397396835753114412
9949175746941529334344919381
7114539608086103459311615887
307269238581155458256698710080
57993293926861381953242615292
87723660721035777389070328147
7819762531813343206982965633
88637722925276419342391241925
1052751697281139100968422643926
98632323148992849779524491489
471911173542423211955494775832
69878886735546840238497743228
514644624150709033281793821029
89873860135990164724334142734
812065165666871526810765335
953710421008536547745490527457
37113325531586781298646618040
39175428867052632429957321406
46471194659317887198851737545
75699571831528546568443728892
11113886428624229044525595878
81882684172319625326919128828
123435822433719376683683228986
8033426197285465733971839606
395060368484144756113834256392
917839402911844979706859839786
955957556697541795383721217387
234921518213165954391251934043
28101566578596225336781243826
2471903443421652309326863427
266501768316433062810054568
229776215826945447737289422
119139843761421468788126176185
7878266562948889894467633433
404940729224639674195248651747
785893605772978746788120468385
11867453843864754289640576025
877414383011798627229287495
41393844229924814868766968352
26863964798331267221484318493
813566787985564265522450852
98647524972091541895944918024
3186846542121918732210673228
70433996186869854846586614162
53263033249412832106467712226
3186698560100438663563353484568
76585645353724413356443132945
514918923066086384110046347779
761167657417202552745381619746
7080959461131754425294728293
